#include <stdio.h>
int main() 
{
    int n;
    printf("enter n value :");
    scanf("%d",&n);
    for(int i=1; i<=n; i++)
      {   
          for(int j=1; j<=n; j++) 
             {
                 printf("%d ",i*j);
             }
          printf("\n");     
      }

    return 0;
}

* INPUT 1 :

enter n value :5

*OUTPUT 1 :

1 2 3 4 5 
2 4 6 8 10 
3 6 9 12 15 
4 8 12 16 20 
5 10 15 20 25 

*INPUT 2 :

enter n value :8

*OUTPUT 2 :

1 2 3 4 5 6 7 8 
2 4 6 8 10 12 14 16 
3 6 9 12 15 18 21 24 
4 8 12 16 20 24 28 32 
5 10 15 20 25 30 35 40 
6 12 18 24 30 36 42 48 
7 14 21 28 35 42 49 56 
8 16 24 32 40 48 56 64 
